證券名稱 簡稱 年月 市場風險溢酬 規模溢酬 淨值市價比溢酬 股利殖利率溢酬 動能因子 益本比溢酬 盈利能力因子 無風險利率
Y8888  	上市(不含金融)	199001	  18.5954	 -14.0287	  -0.2918	   6.7179	  -7.9304	   6.8886	   3.9323	 9.500
Y8888  	上市(不含金融)	199002	  -0.6103	  11.8686	   9.4008	  -5.5520	   5.8826	  -4.7055	  -1.9869	 9.500
Y8888  	上市(不含金融)	199003	  -5.6244	   4.6597	   3.1636	   0.2135	   1.4973	  -2.6564	  -0.1898	 9.500
Y8888  	上市(不含金融)	199004	 -14.8073	  -0.9529	  -0.2944	  -0.5408	   1.8833	   0.0958	   1.2205	 9.500
Y8888  	上市(不含金融)	199005	 -22.3502	 -16.0860	  -0.7861	   9.8961	 -11.3224	   8.6500	   1.4984	 9.500
Y8888  	上市(不含金融)	199006	 -31.6486	 -11.8101	  -3.4065	   7.4835	 -13.0533	  -0.0929	   2.9163	 9.500
Y8888  	上市(不含金融)	199007	  16.4348	  27.6346	 -18.4553	 -12.5847	   3.9245	 -16.2025	  -3.7290	 9.500
Y8888  	上市(不含金融)	199008	 -36.2914	  -5.0333	   1.8582	   1.9980	   2.5892	   1.3315	  -0.0340	 9.500
Y8888  	上市(不含金融)	199009	 -21.8217	 -14.8838	   3.4478	   7.9649	  10.7602	   0.3554	  10.2267	 9.500
Y8888  	上市(不含金融)	199010	  19.1681	   8.9280	  -3.2287	  -4.8489	  -7.4322	  -1.7606	  -6.6241	 9.500
Y8888  	上市(不含金融)	199011	  17.4690	  29.3814	 -13.3909	  -9.7930	 -16.1833	  -7.2587	  -1.7478	 9.500
Y8888  	上市(不含金融)	199012	  -3.6225	   2.7064	  -2.8186	  -2.2395	  -0.6748	  -0.9346	   3.3918	 9.500
Y8888  	上市(不含金融)	199101	  -8.5838	   4.8151	  -3.0403	   0.4609	  -3.3014	  -2.3638	  -2.6120	 9.500
Y8888  	上市(不含金融)	199102	  26.5004	   2.6798	   1.5701	  -3.9734	 -11.2788	  -1.3254	  -9.3421	 9.500
Y8888  	上市(不含金融)	199103	  13.0237	  -8.6680	  17.5276	   2.7259	  -8.1911	   1.7899	  -6.8007	 9.500
Y8888  	上市(不含金融)	199104	   9.5826	  -0.8458	 -12.4117	  -7.1914	  -0.1998	   1.3233	   1.9093	 9.500
Y8888  	上市(不含金融)	199105	  -7.0257	  -1.1859	  -3.0483	  -5.5059	   0.1707	  -1.6020	   0.6416	 9.500
Y8888  	上市(不含金融)	199106	   4.8752	  -0.0137	   2.8821	  -1.6819	  -0.9482	  -1.0870	  -2.7647	 9.500
Y8888  	上市(不含金融)	199107	  -8.4658	   0.6281	   0.3364	   0.9486	  -3.6121	  -0.8704	   3.3491	 9.250
Y8888  	上市(不含金融)	199108	 -12.0349	  -4.2053	   4.8126	   5.5190	  -2.0418	   8.1740	   2.4371	 9.250
Y8888  	上市(不含金融)	199109	   6.8407	  -3.3755	  -3.1109	   0.3090	   2.4813	  -0.2463	  -0.5214	 8.650
Y8888  	上市(不含金融)	199110	  -9.3714	  -1.6900	  -2.8021	   0.6157	   0.5613	   1.4530	   1.5052	 8.650
Y8888  	上市(不含金融)	199111	  -1.0796	   4.3333	  -4.2021	  -3.4420	   4.9030	  -3.0878	  -4.8033	 8.270
Y8888  	上市(不含金融)	199112	   4.8968	   0.5025	   4.9236	  -0.3790	  -3.2854	  -1.7537	  -1.9493	 8.270
Y8888  	上市(不含金融)	199201	  14.5585	  13.4259	 -14.9526	   7.4694	  -6.8907	  -6.0304	  -2.8946	 7.750
Y8888  	上市(不含金融)	199202	  -3.2093	  -0.3937	  -1.4382	  -4.2310	   5.5078	  -4.5601	  -4.5678	 7.750
Y8888  	上市(不含金融)	199203	  -4.7234	  -0.6776	   2.4401	   3.1387	  -0.9292	   3.8133	   0.7079	 7.750
Y8888  	上市(不含金融)	199204	  -4.0802	   0.4068	   1.6903	  -0.4449	  -2.3666	  -0.4391	   1.8003	 7.750
Y8888  	上市(不含金融)	199205	  -1.8276	   1.1572	  -5.4150	  -2.3467	   2.4688	  -1.7761	   2.2050	 7.750
Y8888  	上市(不含金融)	199206	  -3.1620	   2.3293	  -7.1494	  -7.8923	   2.2404	  -5.2340	   4.3860	 7.750
Y8888  	上市(不含金融)	199207	  -9.1956	  -3.3598	   4.0308	   5.9985	  -1.9947	   1.9609	  -0.8370	 7.750
Y8888  	上市(不含金融)	199208	  -5.2918	   1.4965	  -5.4664	  -4.0594	   3.2920	   1.8118	   3.1122	 7.750
Y8888  	上市(不含金融)	199209	  -9.4872	  -9.9302	   7.0288	   9.8859	  -6.4546	   9.4540	   5.9925	 8.000
Y8888  	上市(不含金融)	199210	   3.1957	   2.6985	  -4.4317	  -1.7328	   1.4398	   1.8508	   0.4375	 8.000
Y8888  	上市(不含金融)	199211	  -1.5254	  -2.3489	   0.0842	   1.7668	   1.3520	   2.0340	   0.9241	 7.750
Y8888  	上市(不含金融)	199212	  -8.6127	  -2.3547	   0.1191	   1.0733	   0.6708	   5.0574	   2.0460	 7.750
Y8888  	上市(不含金融)	199301	  -0.2068	   3.6494	   2.7978	   3.1491	  -1.7367	   1.1124	  -0.8411	 7.750
Y8888  	上市(不含金融)	199302	  17.5210	  -3.2720	  -2.4970	  -6.4029	  -9.9443	 -10.8758	  -3.9669	 7.900
Y8888  	上市(不含金融)	199303	   9.2764	  12.1378	  -1.8886	  -3.5961	  -4.9367	  -7.6409	  -7.6609	 7.800
Y8888  	上市(不含金融)	199304	  -4.4370	   1.3249	   6.5393	   2.6402	  -4.2409	  -5.8342	  -4.6638	 7.800
Y8888  	上市(不含金融)	199305	  -5.5320	  -7.3015	   5.9446	   5.5352	   4.1698	   6.3505	   2.5146	 7.800
Y8888  	上市(不含金融)	199306	  -7.8087	   0.9149	  -2.5756	  -1.3797	   4.1040	   2.4800	   5.1242	 8.000
Y8888  	上市(不含金融)	199307	  -0.2916	   2.1498	   2.9539	  -0.7435	   0.3066	  -1.3152	  -2.2561	 8.000
Y8888  	上市(不含金融)	199308	  -3.4381	   0.8850	  -5.0153	  -1.6735	   1.2469	   0.4965	   5.3582	 7.800
Y8888  	上市(不含金融)	199309	  -0.5643	   1.2227	  -0.1508	  -2.0964	   1.5335	  -1.6401	   0.4448	 7.550
Y8888  	上市(不含金融)	199310	   7.0507	   2.9110	  -0.6942	  -1.7725	  -4.0493	  -4.7999	  -6.0982	 7.550
Y8888  	上市(不含金融)	199311	   5.9846	  -3.5940	   2.8439	   2.7712	   3.3255	   1.7352	  -0.3217	 7.550
Y8888  	上市(不含金融)	199312	  28.3263	 -16.4732	  15.3886	   6.5584	   5.6166	   3.6513	  -0.6056	 7.550
Y8888  	上市(不含金融)	199401	  -1.1584	   1.3048	   6.5871	  -2.3405	  -5.2880	  -2.7423	  -5.3863	 7.550
Y8888  	上市(不含金融)	199402	 -11.4520	   2.8885	  -1.7387	   0.4062	  -2.9729	  -1.0150	   1.3456	 7.550
Y8888  	上市(不含金融)	199403	  -3.1742	   1.3654	  -1.4566	   5.4831	   1.6024	  -0.2833	   2.8679	 7.550
Y8888  	上市(不含金融)	199404	   7.3104	   0.8493	   6.7472	   0.1647	   3.3259	  -1.7463	  -5.3604	 7.250
Y8888  	上市(不含金融)	199405	   2.9715	  -3.2109	   3.2892	   0.6760	   1.4642	  -1.5310	  -1.7517	 7.250
Y8888  	上市(不含金融)	199406	   0.4955	  -1.2676	   2.1101	   3.3130	   6.3353	   0.0744	   0.4812	 7.000
Y8888  	上市(不含金融)	199407	  10.2537	  -5.9118	   0.3826	  -8.4416	  13.2673	  -5.7919	  -4.6330	 7.000
Y8888  	上市(不含金融)	199408	   6.3110	  -0.6094	  -1.3082	   0.1857	   2.5334	  -0.5454	  -0.6280	 7.000
Y8888  	上市(不含金融)	199409	  -3.6768	   1.9454	   3.0590	   4.0486	  -4.3905	   3.1304	   0.8425	 7.000
Y8888  	上市(不含金融)	199410	  -7.0754	  -2.0238	   3.3445	   0.7316	   1.1835	   0.1291	   2.3564	 7.300
Y8888  	上市(不含金融)	199411	  -3.1190	   0.8448	   3.3210	  -1.8702	  -1.4600	  -1.1720	  -3.2119	 7.300
Y8888  	上市(不含金融)	199412	  14.8845	   0.1382	  10.9856	   3.1011	  -5.2820	  -4.6943	 -12.3884	 7.300
Y8888  	上市(不含金融)	199501	 -12.4198	   1.1907	   0.3224	   3.8576	  -2.9013	   3.1580	   3.3128	 7.300
Y8888  	上市(不含金融)	199502	   3.3666	   1.5163	   0.7649	   0.4713	  -0.7032	  -0.1067	  -2.0516	 7.300
Y8888  	上市(不含金融)	199503	   1.8440	  -3.5441	  -4.8885	  -1.3068	   4.8352	   2.9435	   1.2668	 7.300
Y8888  	上市(不含金融)	199504	  -9.8503	   1.3482	  -2.5856	   0.4734	  -0.2767	   1.3870	   1.9300	 7.300
Y8888  	上市(不含金融)	199505	  -4.2208	  -3.1073	  -1.0474	   0.7431	  -1.4771	   2.1079	   3.3230	 7.300
Y8888  	上市(不含金融)	199506	  -6.8086	  -3.2584	  -3.7789	   3.8008	   1.4220	   2.9091	   4.9452	 7.300
Y8888  	上市(不含金融)	199507	  -7.5450	  -2.4534	   4.4116	   5.5544	   0.2811	   1.2483	   0.5705	 6.950
Y8888  	上市(不含金融)	199508	  -7.4028	  -3.0863	  -3.3926	   1.4261	  -3.9762	   3.2000	   3.1128	 6.850
Y8888  	上市(不含金融)	199509	   4.0307	   3.3189	   1.2801	  -2.1333	  -3.8715	  -3.2040	  -4.2069	 6.650
Y8888  	上市(不含金融)	199510	  -5.8758	   5.3937	   3.4455	  -2.8686	  -2.1370	  -4.7035	  -3.1567	 6.650
Y8888  	上市(不含金融)	199511	  -0.9428	   3.2250	   0.2631	  -0.1414	  -3.6273	  -1.2453	  -0.4084	 6.650
Y8888  	上市(不含金融)	199512	   8.5034	  -1.1885	   2.6331	   1.1503	  -1.2059	   2.7675	   0.4819	 6.650
Y8888  	上市(不含金融)	199601	  -8.4870	  -0.7862	  -0.4531	   2.3878	   2.5957	   0.6744	   2.6133	 6.650
Y8888  	上市(不含金融)	199602	   0.0813	  -1.5681	   0.9529	   1.4376	   2.4023	   2.7393	   1.7110	 6.650
Y8888  	上市(不含金融)	199603	   5.1475	   1.5662	   3.0485	   1.3004	  -3.2371	  -2.6557	  -1.8713	 6.650
Y8888  	上市(不含金融)	199604	  13.0408	  -0.8674	  -0.6452	   2.1264	  -2.5577	   2.2987	  -2.0383	 6.650
Y8888  	上市(不含金融)	199605	  -1.9293	  -2.9402	   0.3769	   4.0489	   2.1135	   3.3783	   2.2988	 6.550
Y8888  	上市(不含金融)	199606	  11.7554	 -11.5812	  -0.5959	   6.3075	   2.0893	   1.1912	   1.8562	 6.550
Y8888  	上市(不含金融)	199607	  -7.4944	   8.9384	   2.6485	   1.4997	  -2.3167	  -0.3019	  -1.3215	 6.550
Y8888  	上市(不含金融)	199608	   1.8269	  -0.3877	  -1.0439	   1.0103	   1.7854	   3.1235	   1.4215	 6.350
Y8888  	上市(不含金融)	199609	   2.5858	   1.5591	  -4.5519	   1.6729	  -0.9079	   0.2769	   2.2835	 6.350
Y8888  	上市(不含金融)	199610	   0.0457	   3.7104	  -3.5461	   1.6105	  -2.2274	   1.6714	   0.3586	 5.950
Y8888  	上市(不含金融)	199611	   6.4469	  -5.3773	  -2.9788	   3.7581	  -0.8658	   4.1949	   4.2037	 5.950
Y8888  	上市(不含金融)	199612	   1.2924	   5.5042	  -1.2303	   0.9094	   0.6949	  -0.7882	  -0.1627	 5.950
Y8888  	上市(不含金融)	199701	   5.0398	   3.9533	   1.4080	  -0.0959	   1.5493	   1.7134	  -2.2309	 5.950
Y8888  	上市(不含金融)	199702	   8.6310	   5.2422	   1.0416	   4.3938	  -0.6701	   1.1982	  -0.7133	 5.950
Y8888  	上市(不含金融)	199703	   4.6740	   2.8752	  -1.2081	   7.6384	  -3.4695	   1.7900	  -0.3800	 5.950
Y8888  	上市(不含金融)	199704	   6.7044	  -5.1155	   0.5870	   5.1634	   6.0466	   5.3494	   0.9072	 5.950
Y8888  	上市(不含金融)	199705	  -3.9159	  -7.1368	  -6.9721	   6.4595	   2.3357	   7.5004	   9.6409	 5.950
Y8888  	上市(不含金融)	199706	  13.5032	  -5.6523	 -18.0081	  12.9344	  16.2719	  10.9262	  12.5211	 5.900
Y8888  	上市(不含金融)	199707	  11.7213	  -7.5711	  -4.7079	  -4.0206	  17.1413	  16.8945	  13.8096	 5.900
Y8888  	上市(不含金融)	199708	  -1.4329	   1.0273	  -4.7623	  -2.3511	   5.8850	   4.7858	   4.0770	 6.000
Y8888  	上市(不含金融)	199709	 -12.5774	   8.6853	   2.4446	   2.5342	 -10.3785	  -9.4606	  -7.1675	 6.000
Y8888  	上市(不含金融)	199710	 -21.9542	   8.8632	   3.7081	   3.3617	  -6.2179	  -9.1486	  -7.7750	 6.000
Y8888  	上市(不含金融)	199711	   9.8472	  -4.2575	  -7.3450	  -8.7856	   5.3909	   3.4523	   4.6201	 6.000
Y8888  	上市(不含金融)	199712	   5.5257	   5.8212	   1.3693	   2.1359	  -7.1064	  -4.8301	  -2.9929	 6.000
Y8888  	上市(不含金融)	199801	  -0.1585	  -2.6920	  -4.7977	  -7.0113	   8.8758	   2.7238	   4.7784	 6.000
Y8888  	上市(不含金融)	199802	  16.5689	  -4.3886	  -0.4084	  -6.7723	   8.9826	  10.4823	   2.8423	 6.500
Y8888  	上市(不含金融)	199803	  -0.7456	   6.2406	   3.1419	   2.2328	  -5.6830	  -5.2700	  -4.8469	 6.500
Y8888  	上市(不含金融)	199804	 -10.0773	   2.2363	   0.7054	   1.6802	  -1.0609	   0.8146	  -1.3740	 6.550
Y8888  	上市(不含金融)	199805	  -5.3940	   3.1546	   1.1813	   0.7928	   1.1618	  -2.0366	   0.8886	 6.550
Y8888  	上市(不含金融)	199806	  -4.2647	   2.1425	   3.3773	   2.1574	  -0.3015	  -1.3882	  -5.9042	 6.550
Y8888  	上市(不含金融)	199807	   2.2655	  -0.9312	  -8.0522	  -3.8496	   3.9016	   2.6792	   8.4043	 6.550
Y8888  	上市(不含金融)	199808	 -15.0944	  -0.8173	   3.6872	  -3.4537	   6.5779	   1.6397	   2.1876	 6.550
Y8888  	上市(不含金融)	199809	   3.5398	   3.7458	   3.9985	   5.5486	  -8.0760	   0.2842	  -1.8118	 6.550
Y8888  	上市(不含金融)	199810	   3.0966	  -2.3399	   0.6721	   0.8115	  -4.5230	   0.7932	  -0.5667	 6.100
Y8888  	上市(不含金融)	199811	   2.6429	 -12.0134	  -6.8511	   6.5816	  -7.9545	   3.9395	   5.6180	 5.900
Y8888  	上市(不含金融)	199812	 -10.2150	  -2.6568	  -2.9402	  -2.5160	   6.8611	   1.5620	   1.3855	 5.400
Y8888  	上市(不含金融)	199901	  -7.7775	  -3.0103	  -0.5283	   4.9811	  -7.5884	  -5.6568	  -5.9529	 5.400
Y8888  	上市(不含金融)	199902	   1.5044	  -2.7713	  -0.5302	   4.2032	  -0.8207	   1.9225	   1.3942	 5.050
Y8888  	上市(不含金融)	199903	  10.9255	  -1.3813	   3.4841	   2.8579	  -0.1684	   0.0180	   2.9068	 5.050
Y8888  	上市(不含金融)	199904	   7.2766	  -1.6983	   6.1617	  -3.6815	  -1.2209	   0.8701	  -1.0257	 5.000
Y8888  	上市(不含金融)	199905	  -1.4810	  -5.7008	 -15.8326	  -2.5953	  14.8098	   6.0397	   9.6005	 5.000
Y8888  	上市(不含金融)	199906	  15.5950	 -16.4691	 -17.4292	  -6.0495	  10.2687	   4.1543	   9.5580	 5.000
Y8888  	上市(不含金融)	199907	 -13.8291	   1.7610	  -4.4052	   0.4748	   4.9164	  -1.2057	   1.5489	 5.000
Y8888  	上市(不含金融)	199908	  13.6798	  -8.2719	  -0.8979	  -1.8296	   5.4925	  -5.3327	  -1.4229	 5.000
Y8888  	上市(不含金融)	199909	  -4.7559	  -1.4244	   2.4843	   3.1786	   1.0661	  -0.0242	   2.1005	 5.000
Y8888  	上市(不含金融)	199910	   3.2563	  -9.0185	  -6.7305	  -5.9412	  12.4055	   2.2520	   2.2855	 5.000
Y8888  	上市(不含金融)	199911	  -2.2001	  -6.0854	  -3.9434	  -7.4514	   2.6512	  -5.9647	  -0.4310	 5.000
Y8888  	上市(不含金融)	199912	  12.0718	 -14.3714	  -7.6801	  -2.1668	   5.6872	  -4.7530	  -2.1460	 5.000
Y8888  	上市(不含金融)	200001	  13.7751	  14.2168	  12.5522	   5.5143	 -23.9825	   0.8053	  -5.7857	 5.000
Y8888  	上市(不含金融)	200002	  -2.5337	   2.7237	   2.7800	   0.2522	   5.9235	   4.6210	  -3.5780	 5.000
Y8888  	上市(不含金融)	200003	   5.4476	  -5.6299	  -6.3294	  -3.8368	   7.2032	  -2.6513	   4.7378	 5.000
Y8888  	上市(不含金融)	200004	 -10.6874	   2.6810	  -6.8794	  -1.3041	   7.8216	   1.0685	   1.1059	 5.000
Y8888  	上市(不含金融)	200005	  -0.1498	  -3.3696	   1.1909	   0.5883	   0.1476	   0.1770	  -2.0098	 5.000
Y8888  	上市(不含金融)	200006	  -7.0833	  -2.0813	  -2.8470	  -0.5062	   2.3087	   0.6841	   5.8142	 5.000
Y8888  	上市(不含金融)	200007	  -4.6557	  -1.5032	   7.4726	  12.3558	  -3.2658	  11.2475	   3.8902	 5.000
Y8888  	上市(不含金融)	200008	  -5.4795	  -7.7203	 -15.9489	  -9.9629	  14.1620	 -10.5546	   8.3662	 5.000
Y8888  	上市(不含金融)	200009	 -20.8514	   3.5305	   4.6709	  10.1855	   1.7285	   7.5514	   6.5699	 4.900
Y8888  	上市(不含金融)	200010	 -11.4238	   1.1121	   1.0814	   1.0911	  -5.0070	   2.7913	   3.9049	 4.900
Y8888  	上市(不含金融)	200011	  -5.2262	  -3.5379	  -6.4339	  -0.8023	  10.7985	  -0.4584	   3.5656	 5.000
Y8888  	上市(不含金融)	200012	 -11.2312	   7.6244	   8.2334	  12.1031	   3.2544	  11.9971	   1.5028	 5.000
Y8888  	上市(不含金融)	200101	  26.4203	  -6.1013	  -0.0389	 -14.7902	 -26.3861	  -9.8323	   0.1807	 5.000
Y8888  	上市(不含金融)	200102	  -4.0454	   9.2213	  11.6591	   2.9909	  -9.4115	   3.0715	  -9.8397	 4.800
Y8888  	上市(不含金融)	200103	   3.1147	   2.6304	 -10.0498	  -2.6109	  -3.5406	  -0.3078	   3.5379	 4.650
Y8888  	上市(不含金融)	200104	  -7.3291	  -1.5219	  -6.1228	  -3.0470	   7.4480	  -3.9841	   5.2430	 4.300
Y8888  	上市(不含金融)	200105	  -6.2259	  -1.7265	  -7.5346	   3.5073	   4.5942	   1.8741	   9.2409	 4.050
Y8888  	上市(不含金融)	200106	  -2.8278	   2.0549	  -5.3417	   3.2420	   4.0497	   2.2140	   5.6390	 4.050
Y8888  	上市(不含金融)	200107	  -8.6013	  -1.2801	  -4.3505	  -0.4541	   9.8569	  -3.0803	  10.7438	 3.850
Y8888  	上市(不含金融)	200108	  -0.7604	   7.7689	  13.8597	   3.4792	 -14.7369	  -1.0583	 -17.8256	 3.600
Y8888  	上市(不含金融)	200109	 -20.8458	   3.1825	  -1.6356	   7.1109	  12.6521	  -0.8480	   4.4313	 3.100
Y8888  	上市(不含金融)	200110	   7.5903	  -8.7232	  -9.3419	  -1.4251	   8.1541	   3.1223	   9.5204	 2.800
Y8888  	上市(不含金融)	200111	  15.1268	  -5.5884	 -15.4621	 -11.3771	  -1.6726	   2.3648	  10.6083	 2.450
Y8888  	上市(不含金融)	200112	  24.4252	   2.2461	   3.0818	 -11.9434	 -11.3500	   4.7840	  -6.1324	 2.450
Y8888  	上市(不含金融)	200201	   6.1379	   7.4964	  10.3432	  -1.2349	  -7.7197	   0.9518	  -8.6291	 2.300
Y8888  	上市(不含金融)	200202	  -3.1301	   0.3042	  -1.3663	   3.5593	  -1.2423	   1.8580	  -0.1728	 2.300
Y8888  	上市(不含金融)	200203	   8.9401	  15.0437	  34.7400	   3.2642	 -21.4150	  -4.7662	 -19.1422	 2.300
Y8888  	上市(不含金融)	200204	  -3.4458	   9.1987	  10.2120	  10.6495	 -13.3684	   1.6564	  -8.3498	 2.350
Y8888  	上市(不含金融)	200205	  -6.6897	  -2.8390	  -3.0321	  11.9213	   4.1525	   1.2213	  10.2273	 2.350
Y8888  	上市(不含金融)	200206	 -10.4051	   3.2190	   4.8790	   6.1888	  -5.3867	  -3.1090	  -2.1924	 2.300
Y8888  	上市(不含金融)	200207	  -3.0959	   0.9940	   4.0500	   5.4900	   2.3324	  10.0637	   7.2001	 2.100
Y8888  	上市(不含金融)	200208	  -3.8643	  -0.4031	  -8.6542	  -2.9558	  -0.3497	  -0.2183	   4.1398	 2.100
Y8888  	上市(不含金融)	200209	 -12.4873	   0.7440	  -6.5765	   6.0221	  -4.7868	   5.2105	   9.9683	 2.100
Y8888  	上市(不含金融)	200210	  10.2364	  -4.1773	   6.4913	   0.6215	   6.9590	   1.6277	  -3.9053	 2.100
Y8888  	上市(不含金融)	200211	   2.2786	   0.7829	   9.8381	  -3.9528	   0.4556	  -1.9871	  -1.6131	 1.850
Y8888  	上市(不含金融)	200212	  -6.3312	   2.8064	  13.4651	   5.8334	  10.2022	  10.5394	   2.1036	 1.850
Y8888  	上市(不含金融)	200301	  11.5490	   2.3989	  37.8177	   0.9565	  10.8981	  -2.0271	 -16.0535	 1.550
Y8888  	上市(不含金融)	200302	 -10.4128	   0.9727	 -11.6948	   3.0108	  -2.9513	   1.8821	   4.0822	 1.550
Y8888  	上市(不含金融)	200303	  -2.2882	  -1.9520	  -7.6611	   0.6098	  -1.9337	   2.9024	   6.1900	 1.550
Y8888  	上市(不含金融)	200304	  -4.1184	  -2.0621	 -14.9062	  -5.5467	  -6.8461	  -7.7175	   7.7744	 1.550
Y8888  	上市(不含金融)	200305	  10.5803	  -0.8591	   3.3251	  -4.6396	  -2.1761	  -3.7489	  -5.1817	 1.525
Y8888  	上市(不含金融)	200306	   7.7408	   2.5046	   0.9184	   0.4649	 -10.1665	  -4.6398	  -5.5937	 1.525
Y8888  	上市(不含金融)	200307	  12.5183	  -6.1252	  -2.8762	  -2.3147	  -1.3984	   3.4643	   2.6675	 1.400
Y8888  	上市(不含金融)	200308	   5.9492	  -8.6662	   0.1856	  -5.0204	   2.3347	  -2.9020	  -1.7087	 1.400
Y8888  	上市(不含金融)	200309	  -1.3440	  -0.4541	   1.2883	  -0.3815	  -0.3738	  -1.5754	  -1.5541	 1.400
Y8888  	上市(不含金融)	200310	   5.6620	  -0.0586	  12.1403	   2.3541	   4.6628	  -2.5252	  -8.0776	 1.400
Y8888  	上市(不含金融)	200311	  -4.3837	   5.0867	  -2.9328	   1.9369	  -3.1699	  -0.2748	   1.9371	 1.400
Y8888  	上市(不含金融)	200312	   1.6643	   4.1951	   4.5780	   0.2459	   5.2388	  -3.0277	  -2.2821	 1.400
Y8888  	上市(不含金融)	200401	   8.0786	   5.1205	  12.1310	   0.8839	   0.2706	  -1.3373	  -9.0858	 1.400
Y8888  	上市(不含金融)	200402	   4.0672	   5.3552	   8.2416	   1.4786	  -7.0589	   4.5847	  -4.0974	 1.400
Y8888  	上市(不含金融)	200403	  -3.2149	  -2.9840	   1.5874	   2.5339	   3.0934	   0.9799	  -0.5729	 1.400
Y8888  	上市(不含金融)	200404	  -6.3579	  -1.2443	  -5.3356	   1.9085	  -3.2884	   0.3314	   3.8031	 1.400
Y8888  	上市(不含金融)	200405	  -2.8224	   0.2291	   2.8832	   1.2623	   2.1926	   1.9947	   0.6016	 1.400
Y8888  	上市(不含金融)	200406	  -2.7767	  -4.1652	  -2.8970	   2.5481	  -1.6613	   0.8601	   4.5410	 1.400
Y8888  	上市(不含金融)	200407	  -5.7812	  -0.5254	   3.7637	   2.0389	  -1.3770	   2.9937	  -1.2399	 1.400
Y8888  	上市(不含金融)	200408	   6.8404	  -3.8932	  -2.0931	  -4.8962	   1.1912	   1.7798	   4.0133	 1.400
Y8888  	上市(不含金融)	200409	   0.5084	  -1.7903	   4.5206	   0.6754	  10.5740	   6.3575	  -1.6015	 1.400
Y8888  	上市(不含金融)	200410	  -3.7625	   0.1514	  -0.1341	   1.3977	  -0.3855	  -0.7462	   0.6912	 1.525
Y8888  	上市(不含金融)	200411	   3.1509	  -4.2608	  -0.5880	   1.3545	   2.0485	   1.0024	   2.7859	 1.525
Y8888  	上市(不含金融)	200412	   5.2010	   1.7584	   2.4026	  -1.5637	  -0.1351	  -2.2691	  -2.4464	 1.525
Y8888  	上市(不含金融)	200501	  -2.1865	  -2.3541	  -1.9891	   0.6332	   1.8024	  -0.0717	   4.0882	 1.595
Y8888  	上市(不含金融)	200502	   3.9759	   2.2647	  -6.3004	   0.2489	  -4.3872	   0.9381	   4.8313	 1.595
Y8888  	上市(不含金融)	200503	  -2.8361	   1.8015	  -4.7763	   3.1015	   0.1634	   0.8819	   5.6263	 1.690
Y8888  	上市(不含金融)	200504	  -2.8285	  -3.9944	  -2.1466	  -2.4568	   4.4782	  -0.1218	   4.0807	 1.690
Y8888  	上市(不含金融)	200505	   3.3061	  -2.5341	  -3.2038	  -3.2240	  -3.0893	  -7.6086	   1.2230	 1.690
Y8888  	上市(不含金融)	200506	   4.6968	   4.6017	   2.1881	   1.6351	  -3.9817	  -0.9481	  -2.7649	 1.690
Y8888  	上市(不含金融)	200507	   2.5680	  -1.0182	  -4.0062	  -4.6593	   5.7160	   0.1126	   3.1320	 1.790
Y8888  	上市(不含金融)	200508	  -3.3598	  -4.3844	  -5.1213	   0.5793	   3.9887	   2.1065	   5.6545	 1.790
Y8888  	上市(不含金融)	200509	   2.0743	  -2.0573	  -2.8453	  -1.2926	   4.5433	  -1.6868	   1.5351	 1.890
Y8888  	上市(不含金融)	200510	  -5.9108	  -0.1672	  -1.1517	  -0.4219	   6.8286	   1.8268	   2.1930	 1.890
Y8888  	上市(不含金融)	200511	   8.6179	  -2.2679	  -0.9149	  -4.8696	   2.3873	  -5.9816	  -1.6600	 1.890
Y8888  	上市(不含金融)	200512	   6.5463	   2.2019	   1.3905	  -4.1093	  -2.9008	  -1.8080	   0.8269	 1.990
Y8888  	上市(不含金融)	200601	  -0.5289	  -2.3482	  -1.0015	  -0.1021	   4.0797	  -2.3837	   1.8195	 1.990
Y8888  	上市(不含金融)	200602	  -0.5575	  -1.3424	  -2.1311	   2.7764	  -2.4625	   3.1800	  -0.2047	 1.990
Y8888  	上市(不含金融)	200603	   2.2433	   2.3653	  -3.8178	  -1.6096	   7.5097	   3.4736	   6.3379	 1.990
Y8888  	上市(不含金融)	200604	   7.3213	   1.5289	   6.6548	  -1.0487	  -2.4040	  -4.8304	  -9.6409	 2.060
Y8888  	上市(不含金融)	200605	  -4.6591	   4.5436	   7.9154	  -0.3559	  -4.5306	  -0.4345	  -5.8503	 2.060
Y8888  	上市(不含金融)	200606	  -2.1419	  -4.7811	  -0.1795	   2.8938	  -0.4902	   0.2272	  -2.4890	 2.060
Y8888  	上市(不含金融)	200607	  -2.1362	   1.9874	  -1.6569	   2.2919	   2.7726	   3.8367	   3.9978	 2.130
Y8888  	上市(不含金融)	200608	   4.8773	  -3.3555	  -8.5953	  -4.0227	   3.5712	  -2.3390	   7.0783	 2.130
Y8888  	上市(不含金融)	200609	   3.7541	  -1.7086	   4.8553	  -0.2774	   1.7948	  -0.3964	  -2.2221	 2.130
Y8888  	上市(不含金融)	200610	   2.3214	   6.9431	   6.5568	  -0.0611	   1.6401	   3.1606	  -2.3228	 2.200
Y8888  	上市(不含金融)	200611	   7.3973	   5.1108	  10.3790	  -3.4157	   0.3200	  -3.4759	 -10.0010	 2.200
Y8888  	上市(不含金融)	200612	   3.4638	   6.3639	   6.5586	  -0.9780	  -2.4288	  -1.7814	  -4.3594	 2.200
Y8888  	上市(不含金融)	200701	  -1.8536	   1.5234	 -11.2656	   3.0138	  -0.7221	  -0.0711	   7.0065	 2.230
Y8888  	上市(不含金融)	200702	   2.7664	   0.9626	   1.3521	   0.4752	   1.3797	   2.2932	  -0.1955	 2.230
Y8888  	上市(不含金融)	200703	   0.4957	   7.3559	  -4.4324	   2.4712	  -1.9328	   0.2245	   0.6949	 2.230
Y8888  	上市(不含金融)	200704	  -0.1986	  -0.1086	   6.8411	   2.7670	  -4.5155	   5.4900	  -1.7505	 2.260
Y8888  	上市(不含金融)	200705	   3.9585	   0.8899	  -4.4697	  -0.2013	   3.0588	  -0.8756	   3.0142	 2.260
Y8888  	上市(不含金融)	200706	   9.1136	   2.8370	   0.8548	  -0.5534	   1.1831	   0.9467	   0.5236	 2.460
Y8888  	上市(不含金融)	200707	   5.6547	   6.8137	   5.2246	  -0.4939	   9.8826	   2.9771	  -5.9098	 2.460
Y8888  	上市(不含金融)	200708	  -1.9701	  -6.3997	  -2.2480	   6.9735	   1.5561	   6.5347	   5.9083	 2.460
Y8888  	上市(不含金融)	200709	   5.6515	  -2.4150	   5.4379	  -1.8881	   1.0095	  -2.2300	  -4.2680	 2.530
Y8888  	上市(不含金融)	200710	   1.9487	 -10.7431	   1.6029	   1.4880	  -8.7717	   0.3148	  -0.4970	 2.530
Y8888  	上市(不含金融)	200711	 -12.0658	  -1.3668	  -0.9543	   6.8568	  -7.9891	   1.7065	   1.9840	 2.530
Y8888  	上市(不含金融)	200712	  -1.0941	  -2.3831	  -0.9529	   1.7605	  -0.8452	   0.9587	   0.3400	 2.610
Y8888  	上市(不含金融)	200801	 -13.7539	   1.1380	   6.4964	   6.7160	  -5.3895	   2.7049	  -3.4893	 2.610
Y8888  	上市(不含金融)	200802	  12.0409	   1.8981	   5.6793	  -4.4275	   2.1857	  -3.7659	  -6.1348	 2.610
Y8888  	上市(不含金融)	200803	   1.4222	   3.9894	   1.8815	   4.2704	   1.0746	   3.9554	  -0.9593	 2.610
Y8888  	上市(不含金融)	200804	   2.8989	   2.4326	  -0.1630	  -1.3184	  -0.8888	   0.2812	   1.2821	 2.650
Y8888  	上市(不含金融)	200805	  -3.0102	   1.1508	   0.8983	   3.3478	   2.2187	   0.8738	   0.3192	 2.650
Y8888  	上市(不含金融)	200806	 -12.4711	  -4.0275	  -3.7037	   5.5907	   4.5080	   3.8409	   7.0955	 2.650
Y8888  	上市(不含金融)	200807	  -3.2462	   0.9207	  -3.9144	   0.8958	  -0.5871	  -3.3288	   3.5547	 2.710
Y8888  	上市(不含金融)	200808	   1.4111	  -0.7245	  -3.4503	  -0.0966	  -6.9913	  -0.1380	   4.5175	 2.710
Y8888  	上市(不含金融)	200809	 -18.3550	  -5.7123	  -5.8516	   2.8736	   7.9157	   2.8611	   7.0571	 2.710
Y8888  	上市(不含金融)	200810	 -13.5126	   5.1282	   1.2984	   3.8932	   4.0368	   1.1727	   1.9731	 2.555
Y8888  	上市(不含金融)	200811	  -9.9529	  -0.5176	   6.7594	  -0.2527	   9.0399	  -3.7279	  -5.2540	 2.170
Y8888  	上市(不含金融)	200812	   1.5686	   0.4018	   1.7655	  -7.2214	  -6.5458	  -3.8393	  -1.3560	 1.420
Y8888  	上市(不含金融)	200901	  -6.3037	   1.3973	  -0.0558	   0.9959	  -0.6085	  -1.7356	  -0.2620	 0.920
Y8888  	上市(不含金融)	200902	   8.7546	  -0.8420	  -4.4627	  -2.9866	  -8.2023	   1.0784	   2.0697	 0.770
Y8888  	上市(不含金融)	200903	  13.1951	   5.1489	   7.7226	  -0.0622	 -10.6458	  -0.4437	  -7.4705	 0.770
Y8888  	上市(不含金融)	200904	  13.7586	   0.8965	  -1.9679	   2.9439	  -6.4727	   2.9070	  -0.9491	 0.770
Y8888  	上市(不含金融)	200905	  12.3993	   2.3455	   4.6875	  -9.0361	  -9.8183	  -8.7713	  -4.1775	 0.770
Y8888  	上市(不含金融)	200906	  -6.1620	  -0.0836	  -3.6876	   0.6425	  -0.0404	   0.1975	   3.2367	 0.770
Y8888  	上市(不含金融)	200907	  12.7929	   4.7970	   7.0240	   1.5288	   2.4306	   9.3426	   2.7212	 0.770
Y8888  	上市(不含金融)	200908	  -1.7249	  -0.3533	  -2.9468	   0.2740	   2.0197	   1.3701	   2.4483	 0.770
Y8888  	上市(不含金融)	200909	   8.8832	   2.4814	   3.0984	  -2.4805	   0.8202	  -1.5578	  -0.1042	 0.770
Y8888  	上市(不含金融)	200910	  -2.3730	   4.6401	   1.6462	  -0.4245	  -2.4889	  -0.3562	  -4.7722	 0.900
Y8888  	上市(不含金融)	200911	   4.0183	   4.2706	   1.9029	   0.4921	  -0.0141	   1.1165	   0.3459	 0.900
Y8888  	上市(不含金融)	200912	   8.1241	   6.0051	   5.5898	   3.4632	   4.6853	   2.1472	  -1.5758	 0.900
Y8888  	上市(不含金融)	201001	  -6.0895	  -2.4282	  -1.7883	   2.6325	  -6.0975	   0.4980	   1.4382	 0.900
Y8888  	上市(不含金融)	201002	  -2.8079	   2.5520	  -1.4344	   0.8043	   0.9314	  -1.0252	   0.9671	 0.900
Y8888  	上市(不含金融)	201003	   6.5600	   5.1677	   2.2951	  -3.1826	   1.5040	  -1.3206	  -2.2766	 0.900
Y8888  	上市(不含金融)	201004	   1.4076	   1.4304	   0.9816	  -0.5307	   1.0649	   0.3140	  -1.5123	 0.900
Y8888  	上市(不含金融)	201005	  -8.0628	  -1.4864	  -2.6891	   2.3794	  -2.4539	   0.9965	   2.7751	 0.900
Y8888  	上市(不含金融)	201006	  -1.1993	   1.5925	  -1.6151	   1.9774	  -1.7567	  -3.2226	  -1.1709	 1.025
Y8888  	上市(不含金融)	201007	   8.2615	   0.2831	   1.8321	   1.1285	  -1.7788	   3.0359	   0.6317	 1.025
Y8888  	上市(不含金融)	201008	  -1.3070	  -1.7290	   1.2367	   0.4226	  -0.5313	   1.8720	  -0.2315	 1.025
Y8888  	上市(不含金融)	201009	   8.4906	  -0.9178	   0.4177	   0.3886	   1.2555	  -0.9344	  -1.2758	 1.025
Y8888  	上市(不含金融)	201010	   0.7991	  -3.2431	   4.6653	   2.3975	   0.8014	   3.7052	  -0.4183	 1.130
Y8888  	上市(不含金融)	201011	   1.3235	  -3.5243	  -0.7306	   2.6795	   3.9724	   2.5191	   1.9773	 1.130
Y8888  	上市(不含金融)	201012	   5.5985	   0.2131	   3.1447	  -0.8462	  -0.8960	   0.5952	   0.1894	 1.130
Y8888  	上市(不含金融)	201101	   1.5182	  -1.5550	   0.5327	  -1.5151	  -2.5397	  -0.2687	   0.5069	 1.190
Y8888  	上市(不含金融)	201102	  -5.4788	   1.5718	  -2.0613	   3.0433	   3.5908	   2.5484	   0.2461	 1.190
Y8888  	上市(不含金融)	201103	   0.5313	  -0.2820	   0.0092	   2.1911	   4.2430	   4.6115	   1.5266	 1.190
Y8888  	上市(不含金融)	201104	   3.6875	  -0.3510	  -1.3464	  -0.6346	   6.3751	   2.1736	   3.0482	 1.280
Y8888  	上市(不含金融)	201105	  -0.1700	  -0.4539	  -0.7172	   2.4557	   1.8290	   0.2811	   2.4593	 1.280
Y8888  	上市(不含金融)	201106	  -3.6654	   0.3393	   1.5930	   1.6425	   3.5347	  -0.2116	   3.4686	 1.280
Y8888  	上市(不含金融)	201107	   1.9923	  -2.1111	  -3.0824	  -1.2946	  11.3530	  -1.9744	   0.1981	 1.355
Y8888  	上市(不含金融)	201108	  -9.9732	  -0.6640	   1.8720	   2.9339	   2.8355	   5.2976	   2.1819	 1.355
Y8888  	上市(不含金融)	201109	  -5.7998	  -1.2254	  -0.5592	   2.9245	  -5.2333	   1.0560	   4.3405	 1.355
Y8888  	上市(不含金融)	201110	   4.5980	   0.4986	  -1.7531	  -2.3711	  -0.6259	  -1.5180	   0.3481	 1.355
Y8888  	上市(不含金融)	201111	  -7.9207	  -3.9878	   1.3594	   2.9480	   3.1386	   3.5056	   2.2342	 1.355
Y8888  	上市(不含金融)	201112	   2.1201	   0.5186	  -1.9042	  -1.1455	  -2.0032	  -0.6921	  -0.6671	 1.355
Y8888  	上市(不含金融)	201201	   6.6084	  -2.1391	   2.9003	  -1.5278	  -5.0782	   2.5526	  -1.5286	 1.355
Y8888  	上市(不含金融)	201202	   8.0066	   3.7328	   1.2044	  -1.4353	 -12.9263	  -1.9421	  -5.1912	 1.355
Y8888  	上市(不含金融)	201203	  -2.1629	   0.9720	  -2.5981	   0.4232	   9.6755	   5.3828	   5.0850	 1.355
Y8888  	上市(不含金融)	201204	  -5.7649	  -0.7147	  -0.0198	   4.9901	   6.0772	   2.3322	   1.5414	 1.355
Y8888  	上市(不含金融)	201205	  -2.6248	  -0.1968	  -1.1053	  -1.7124	   0.6606	   1.1085	   0.0699	 1.355
Y8888  	上市(不含金融)	201206	  -0.2448	   0.1845	  -0.6983	   0.0301	  -0.0237	  -1.2971	  -0.8969	 1.355
Y8888  	上市(不含金融)	201207	   1.4635	  -0.1511	  -6.1604	  -2.5418	   7.3711	  -4.9363	   4.1639	 1.355
Y8888  	上市(不含金融)	201208	   3.0535	   2.5179	   0.3369	  -1.2464	   2.0806	   0.9770	   1.1359	 1.355
Y8888  	上市(不含金融)	201209	   4.1813	   0.4627	   3.6371	  -3.6727	  -2.9318	  -2.5783	  -3.9098	 1.355
Y8888  	上市(不含金融)	201210	  -7.1270	  -3.6725	  -3.4087	  -1.2999	   7.1587	  -0.5447	   3.7697	 1.355
Y8888  	上市(不含金融)	201211	   5.4354	  -1.8221	   1.4926	   0.6853	  -2.1595	   1.9024	   0.2559	 1.355
Y8888  	上市(不含金融)	201212	   1.5014	   2.4715	   3.0405	   1.5786	  -4.2757	  -1.3893	  -2.8189	 1.355
Y8888  	上市(不含金融)	201301	   1.5443	   0.0527	   0.4651	   0.8724	  -0.6104	   2.3733	   1.0760	 1.355
Y8888  	上市(不含金融)	201302	  -0.0341	   0.9376	   2.5157	  -1.0884	   2.5873	   1.1444	  -0.5252	 1.355
Y8888  	上市(不含金融)	201303	   0.0239	   1.3635	   1.4873	   0.3531	   0.3405	   1.0769	  -1.8433	 1.355
Y8888  	上市(不含金融)	201304	   3.1801	  -2.5749	   0.8340	   0.8268	   3.9184	   0.4534	  -0.2238	 1.355
Y8888  	上市(不含金融)	201305	   1.8990	   3.6920	   4.9773	  -1.7160	  -0.3463	  -1.1249	  -2.6125	 1.355
Y8888  	上市(不含金融)	201306	  -2.3390	  -0.7919	  -4.7381	   0.5596	   1.7966	  -2.7523	   4.5868	 1.355
Y8888  	上市(不含金融)	201307	   1.3618	   3.4081	  -1.2751	   2.7020	   1.3055	   0.7599	   3.3535	 1.355
Y8888  	上市(不含金融)	201308	  -0.2271	   1.4257	   0.9357	  -0.6904	   1.0374	  -0.0969	   0.6623	 1.355
Y8888  	上市(不含金融)	201309	   2.0996	   0.6637	   1.6272	  -1.0422	  -0.0456	   0.6660	  -1.7261	 1.355
Y8888  	上市(不含金融)	201310	   2.9505	   1.1440	  -1.8140	  -1.3964	   1.9363	  -1.5177	   1.3396	 1.355
Y8888  	上市(不含金融)	201311	  -0.6504	   0.0493	   0.0732	   1.3870	   3.0314	   2.7784	  -1.0838	 1.355
Y8888  	上市(不含金融)	201312	   2.2768	   2.5560	   1.0312	   0.4661	  -0.6535	   0.5223	  -1.4097	 1.355
Y8888  	上市(不含金融)	201401	  -1.4751	   2.8049	   0.6350	   2.8530	  -1.8783	   3.6075	   0.1962	 1.355
Y8888  	上市(不含金融)	201402	   2.4481	   4.8032	   0.0379	  -0.0365	   4.3022	   0.3089	   3.0012	 1.355
Y8888  	上市(不含金融)	201403	   2.8246	   0.8703	  -3.1030	   1.2068	   0.2065	   1.4681	   5.0933	 1.355
Y8888  	上市(不含金融)	201404	  -0.0691	  -2.2502	  -2.3867	   0.3925	  -1.3495	  -0.2902	   0.5218	 1.355
Y8888  	上市(不含金融)	201405	   3.0331	   0.4207	   1.4162	   0.1610	   2.5458	   2.4551	   0.3160	 1.355
Y8888  	上市(不含金融)	201406	   3.8567	  -0.6548	   0.0596	  -2.5796	   3.8566	  -0.4121	  -0.1236	 1.355
Y8888  	上市(不含金融)	201407	  -0.1773	  -0.6676	   4.0876	   1.4577	  -2.8350	   0.0130	  -1.2175	 1.355
Y8888  	上市(不含金融)	201408	   2.0926	  -2.4621	   1.3342	   0.9029	   2.4841	   3.9767	   3.6628	 1.355
Y8888  	上市(不含金融)	201409	  -5.3954	   2.6173	  -1.5367	  -0.0490	  -1.8197	  -1.7861	   0.2549	 1.355
Y8888  	上市(不含金融)	201410	  -0.3846	  -5.8136	  -0.6045	   1.5651	  -0.7951	   1.4252	   3.1290	 1.355
Y8888  	上市(不含金融)	201411	   2.7103	  -1.7185	  -0.2370	  -3.4505	   3.3900	   0.8029	   1.6801	 1.355
Y8888  	上市(不含金融)	201412	   1.6342	   2.9586	   2.5095	   1.5428	  -3.4618	  -2.2202	  -4.4873	 1.355
Y8888  	上市(不含金融)	201501	   0.7112	  -0.2787	   1.7904	   0.5767	   2.0306	   1.8772	   0.0379	 1.355
Y8888  	上市(不含金融)	201502	   2.4701	  -1.1125	  -1.3326	  -0.2593	   1.4134	   1.4629	   2.3059	 1.355
Y8888  	上市(不含金融)	201503	  -0.6984	   2.2956	   0.1202	   2.9735	   1.9672	   2.2203	   1.9815	 1.355
Y8888  	上市(不含金融)	201504	   1.0606	   1.0385	  -1.7612	  -0.0347	  -0.0989	  -1.2710	   1.9609	 1.355
Y8888  	上市(不含金融)	201505	  -1.3214	  -2.7908	  -0.9662	  -0.2098	   3.9377	   3.4513	   5.5512	 1.355
Y8888  	上市(不含金融)	201506	  -3.6083	   0.4533	  -3.8769	  -0.0065	   6.1750	  -0.6971	   5.5726	 1.355
Y8888  	上市(不含金融)	201507	  -6.0187	  -2.6145	  -2.2399	  -4.2672	   6.2365	  -4.8889	  -1.7790	 1.355
Y8888  	上市(不含金融)	201508	  -4.7145	  -2.1155	   0.9296	  -0.0500	   2.1554	   2.3119	   2.2949	 1.355
Y8888  	上市(不含金融)	201509	   1.1965	   5.8636	  -0.5447	   0.9429	  -4.3819	  -0.5175	  -2.2397	 1.355
Y8888  	上市(不含金融)	201510	   4.6168	   2.7346	  -0.0807	   2.3310	  -6.6155	   1.4492	  -0.1087	 1.275
Y8888  	上市(不含金融)	201511	  -2.8624	   1.6823	  -4.3499	  -1.4463	   4.5646	  -0.1891	   2.3894	 1.275
Y8888  	上市(不含金融)	201512	   0.7820	  -0.5476	   2.8140	   1.0125	  -3.4878	  -3.4336	  -3.6402	 1.275
Y8888  	上市(不含金融)	201601	  -1.5825	  -0.6220	  -1.2661	   0.6317	   1.8823	  -1.0287	   0.6342	 1.205
Y8888  	上市(不含金融)	201602	   3.5557	   0.5397	   0.7204	   0.2223	  -1.8566	   0.4355	   0.9293	 1.205
Y8888  	上市(不含金融)	201603	   3.9357	  -1.2188	  -1.0778	  -1.4920	   0.0759	   0.9191	  -0.4144	 1.125
Y8888  	上市(不含金融)	201604	  -4.5314	   0.7123	  -0.3308	   1.3731	   0.5706	  -0.7324	  -1.7512	 1.125
Y8888  	上市(不含金融)	201605	   1.7189	  -0.3262	  -3.9759	  -0.2338	   3.5237	   1.3648	   3.0755	 1.125
Y8888  	上市(不含金融)	201606	   2.9751	  -1.4605	   0.3415	   1.3900	   0.4066	   1.6275	   2.5042	 1.125
Y8888  	上市(不含金融)	201607	   5.4183	  -1.3422	   1.4866	   0.6619	  -2.2835	   0.6917	   0.6637	 1.045
Y8888  	上市(不含金融)	201608	   1.4882	   1.6704	   0.7475	   0.6240	   1.8706	   0.8670	   1.1676	 1.045
Y8888  	上市(不含金融)	201609	   1.5445	   0.1303	  -1.2210	   0.1218	   1.1043	  -0.2715	  -2.1402	 1.045
Y8888  	上市(不含金融)	201610	   1.5023	  -3.8248	   0.6564	   2.7164	   2.9999	   2.7712	   0.3722	 1.045
Y8888  	上市(不含金融)	201611	  -1.5829	   1.0207	   2.5311	  -0.7127	  -0.0172	  -0.4309	  -2.2995	 1.045
Y8888  	上市(不含金融)	201612	  -0.1333	   1.1987	  -0.5440	   1.1043	  -0.6598	   0.1986	   0.6547	 1.045
Y8888  	上市(不含金融)	201701	   2.3626	  -0.9908	   4.3614	  -2.2173	   0.2933	   0.2154	  -2.9320	 1.045
Y8888  	上市(不含金融)	201702	   3.3015	   1.9075	   4.4240	   1.2067	  -1.0883	   0.4787	  -5.0139	 1.045
Y8888  	上市(不含金融)	201703	   0.4851	   0.5354	  -0.2409	   1.8449	  -0.2173	   1.1791	  -0.5783	 1.045
Y8888  	上市(不含金融)	201704	   0.8767	  -1.1917	  -2.5144	   2.1868	   1.1757	   2.1673	   3.1767	 1.045
Y8888  	上市(不含金融)	201705	   1.8419	  -0.7517	  -2.4096	   3.3795	   0.0175	   0.1679	   2.8451	 1.045
Y8888  	上市(不含金融)	201706	   4.4600	  -2.7406	   1.2691	   3.3252	   2.2087	   3.5339	   0.5954	 1.045
Y8888  	上市(不含金融)	201707	   2.3015	  -0.5233	  -0.7948	  -2.0420	   4.0108	   0.3312	   0.8625	 1.045
Y8888  	上市(不含金融)	201708	   2.4047	  -0.4460	   4.7550	  -3.8540	   2.0961	  -1.9750	  -5.1489	 1.045
Y8888  	上市(不含金融)	201709	  -1.8538	   2.8857	  -0.3598	   0.1697	  -0.9919	  -1.4350	  -0.8530	 1.045
Y8888  	上市(不含金融)	201710	   4.1577	  -0.8355	  -1.5035	  -0.9763	   2.4586	  -0.8177	   1.9051	 1.045
Y8888  	上市(不含金融)	201711	  -2.7839	   2.5524	   3.3571	  -0.2076	   0.4799	  -1.9007	  -3.0566	 1.045
Y8888  	上市(不含金融)	201712	   0.4042	   1.1159	  -1.1495	   3.6774	  -3.1840	   0.7653	   0.6453	 1.045